urdf_path: /home/ubuntu/robot_proj/Pinocchio_URDF/unitree_ros/robots/h1_description/urdf/h1_with_hand.urdf/nleft_foot_frame: left_ankle_link
model.nq: 52
model.nv: 51
model.njoints: 47
p_cur: [ 0.039468  0.20286  -0.9742  ]
p_des: [ 0.059468  0.20286  -0.9742  ]
e: [0.02 0.   0.  ]
J.shape: (6, 51)
J_pos.shape: (3, 51)
gain: 0.5, damping: 0.001
v_step: [ 3.56898874e-03  3.28339479e-05 -1.38961221e-04  3.79715888e-06
 -3.47142431e-03 -7.22709165e-04 -4.10422651e-04  1.02365920e-05
 -2.85519099e-03 -1.42759550e-03  0.00000000e+00  0.00000000e+00
  0.00000000e+00  0.00000000e+00  0.00000000e+00  0.00000000e+00
  0.00000000e+00  0.00000000e+00  0.00000000e+00  0.00000000e+00
  0.00000000e+00  0.00000000e+00  0.00000000e+00  0.00000000e+00
  0.00000000e+00  0.00000000e+00  0.00000000e+00  0.00000000e+00
  0.00000000e+00  0.00000000e+00  0.00000000e+00  0.00000000e+00
  0.00000000e+00  0.00000000e+00  0.00000000e+00  0.00000000e+00
  0.00000000e+00  0.00000000e+00  0.00000000e+00  0.00000000e+00
  0.00000000e+00  0.00000000e+00  0.00000000e+00  0.00000000e+00
  0.00000000e+00  0.00000000e+00  0.00000000e+00  0.00000000e+00
  0.00000000e+00  0.00000000e+00  0.00000000e+00]
