H1 Left Foot Jacobian Analysis
================================================
URDF: /home/ubuntu/robot_proj/Pinocchio_URDF/unitree_ros/robots/h1_description/urdf/h1_with_hand.urdf
target frame: left_ankle_link
nq=52, nv=51, njoints=47, nframes=105
Jacobian shape: (6, 51)

[Full Jacobian]
[[ 1.        0.        0.        0.       -0.9742   -0.20286  -0.11536
   0.       -0.8      -0.4       0.        0.        0.        0.
   0.        0.        0.        0.        0.        0.        0.
   0.        0.        0.        0.        0.        0.        0.
   0.        0.        0.        0.        0.        0.        0.
   0.        0.        0.        0.        0.        0.        0.
   0.        0.        0.        0.        0.        0.        0.
   0.        0.      ]
 [ 0.        1.        0.        0.9742    0.        0.039468  0.039468
   0.8       0.        0.        0.        0.        0.        0.
   0.        0.        0.        0.        0.        0.        0.
   0.        0.        0.        0.        0.        0.        0.
   0.        0.        0.        0.        0.        0.        0.
   0.        0.        0.        0.        0.        0.        0.
   0.        0.        0.        0.        0.        0.        0.
   0.        0.      ]
 [ 0.        0.        1.        0.20286  -0.039468  0.        0.
   0.11536   0.        0.        0.        0.        0.        0.
   0.        0.        0.        0.        0.        0.        0.
   0.        0.        0.        0.        0.        0.        0.
   0.        0.        0.        0.        0.        0.        0.
   0.        0.        0.        0.        0.        0.        0.
   0.        0.        0.        0.        0.        0.        0.
   0.        0.      ]
 [ 0.        0.        0.        1.        0.        0.        0.
   1.        0.        0.        0.        0.        0.        0.
   0.        0.        0.        0.        0.        0.        0.
   0.        0.        0.        0.        0.        0.        0.
   0.        0.        0.        0.        0.        0.        0.
   0.        0.        0.        0.        0.        0.        0.
   0.        0.        0.        0.        0.        0.        0.
   0.        0.      ]
 [ 0.        0.        0.        0.        1.        0.        0.
   0.        1.        1.        1.        0.        0.        0.
   0.        0.        0.        0.        0.        0.        0.
   0.        0.        0.        0.        0.        0.        0.
   0.        0.        0.        0.        0.        0.        0.
   0.        0.        0.        0.        0.        0.        0.
   0.        0.        0.        0.        0.        0.        0.
   0.        0.      ]
 [ 0.        0.        0.        0.        0.        1.        1.
   0.        0.        0.        0.        0.        0.        0.
   0.        0.        0.        0.        0.        0.        0.
   0.        0.        0.        0.        0.        0.        0.
   0.        0.        0.        0.        0.        0.        0.
   0.        0.        0.        0.        0.        0.        0.
   0.        0.        0.        0.        0.        0.        0.
   0.        0.      ]]

[Linear Velocity Jacobian (first 3 rows)]
[[ 1.        0.        0.        0.       -0.9742   -0.20286  -0.11536
   0.       -0.8      -0.4       0.        0.        0.        0.
   0.        0.        0.        0.        0.        0.        0.
   0.        0.        0.        0.        0.        0.        0.
   0.        0.        0.        0.        0.        0.        0.
   0.        0.        0.        0.        0.        0.        0.
   0.        0.        0.        0.        0.        0.        0.
   0.        0.      ]
 [ 0.        1.        0.        0.9742    0.        0.039468  0.039468
   0.8       0.        0.        0.        0.        0.        0.
   0.        0.        0.        0.        0.        0.        0.
   0.        0.        0.        0.        0.        0.        0.
   0.        0.        0.        0.        0.        0.        0.
   0.        0.        0.        0.        0.        0.        0.
   0.        0.        0.        0.        0.        0.        0.
   0.        0.      ]
 [ 0.        0.        1.        0.20286  -0.039468  0.        0.
   0.11536   0.        0.        0.        0.        0.        0.
   0.        0.        0.        0.        0.        0.        0.
   0.        0.        0.        0.        0.        0.        0.
   0.        0.        0.        0.        0.        0.        0.
   0.        0.        0.        0.        0.        0.        0.
   0.        0.        0.        0.        0.        0.        0.
   0.        0.      ]]

[Angular Velocity Jacobian (last 3 rows)]
[[0. 0. 0. 1. 0. 0. 0. 1. 0. 0. 0. 0. 0. 0. 0. 0. 0. 0. 0. 0. 0. 0. 0. 0.
  0. 0. 0. 0. 0. 0. 0. 0. 0. 0. 0. 0. 0. 0. 0. 0. 0. 0. 0. 0. 0. 0. 0. 0.
  0. 0. 0.]
 [0. 0. 0. 0. 1. 0. 0. 0. 1. 1. 1. 0. 0. 0. 0. 0. 0. 0. 0. 0. 0. 0. 0. 0.
  0. 0. 0. 0. 0. 0. 0. 0. 0. 0. 0. 0. 0. 0. 0. 0. 0. 0. 0. 0. 0. 0. 0. 0.
  0. 0. 0.]
 [0. 0. 0. 0. 0. 1. 1. 0. 0. 0. 0. 0. 0. 0. 0. 0. 0. 0. 0. 0. 0. 0. 0. 0.
  0. 0. 0. 0. 0. 0. 0. 0. 0. 0. 0. 0. 0. 0. 0. 0. 0. 0. 0. 0. 0. 0. 0. 0.
  0. 0. 0.]]